altitudeLevels = [ 0 ; 150; 200; 250; 300; 350; 400; 450; 500; 550; 600; 650; 700; 750; 800; 850; 900; 950; 1000];
densityLevels = [1.225; 2.076e-9; 2.541e-10; 6.073e-11; 1.916e-11; 7.014e-12; 2.803e-12; 1.184e-12; 5.215e-13; 2.384e-13; 1.137e-13; 5.712e-14; 3.070e-14; 1.788e-14; 1.136e-14; 7.824e-15; 5.759e-15; 4.453e-15; 3.561e-15];
pressureLevels = [1.01e+05; 4.54e-4; 8.47e-5; 2.48e-5; 8.77e-6; 3.45e-6; 1.45e-6; 6.45e-7; 3.02e-7; 1.51e-7; 8.21e-8; 4.89e-8; 3.19e-8; 2.26e-8; 1.70e-8; 1.34e-8; 1.08e-8; 8.98e-9; 7.51e-9];
scaleHeightLevels = [8.4345; 23.380; 36.183; 44.924; 51.193; 55.832; 59.678; 63.644; 68.785; 76.427; 88.244; 105.992; 130.630; 161.074; 193.862; 224.737; 250.894; 271.754; 288.203];
save atmosphere.mat altitudeLevels densityLevels pressureLevels scaleHeightLevels